129907609
129907609
129907609
129907609
129907609
129907609
129907609
129907621
129907621
129907621
129907621
129907621
129907621
129907621
129907621
129907623
129907623
129907623
129907623
129907623
129907623
129907623
129907623
129907623
129907623
129907623
129907623
129907623
129907623
129907623
129907623
129907623
129907623
129907623
129907623
129907623
129907623
129907625
129907625
129907625
129907625
129907625
129907625
129907303
129907303
129907303
129907303
129907303
129907303
129907303
90466365
90466365
90466365
90466365
90466365
90466365
90466365
90466365
90466365
90466365
102218320
102218320
102218320
102218320
102218320
102218320
102218320
102218320
102218320
102218320
102218320
102218320
102218320
102218320
122382156
122382156
122382156
139239399
139239399
139239399
139239399
139239399
139239399
139239399
139239399
139239399
139239399
139239398
139239398
139239398
139239398
139239398
139239398
139239398
139239398
139239398
139239398
122206714
122206714
122206714
122206714
122206714
122206714
122206714
122206714
122206714
122206714
122206714
122206714
122206714
122367972
122367972
122367972
122367972
122367972
122367970
122367970
122367970
122367970
122367970
122367971
122367971
122367971
122367971
122367971
122367971
122367973
122367973
122367973
122367973
122367973
122367975
122367975
122367975
122367975
122367975
122367974
122367974
122367974
122367974
122367974
15938970
15938970
15938970
15938970
15938970
15938970
15938970
139163205
139163205
139163205
139163205
139163205
139163205
139163205
139163205
139163205
139163205
139163205
139163205
139163205
139163205
139163205
139163205
139163205
139163205
139163205
139163205
139163205
139163205
132517536
132517536
132517536
132517536
132517536
132517536
132517536
132517536
132517536
149489255
149489255
149489255
149489255
149489255
149489255
149489255
149489255
149489255
134130865
134130865
134130865
134130865
134130889
134130889
134130889
134130889
134130889
16407457
16407457
16407457
128861
128861
128861
128861
135064207
135064207
135064207
135064207
135064207
135064207
135064207
135064207
129907268
129907268
129907268
129907268
129907268
129907268
129907268
129907268
129907268
129907268
129907268
129907268
129907268
129907268
129907097
129907098
129907608
129907609
129907621
129907622
129907623
101896746
101896746
137086327
137086327
137086327
137086327
137086327
137086327
137086327
137086327
137086327
137086327
137086327
137086327
137086327
137086327
137086327
137086327
137086327
137086327
137086327
137086327
137086327
137086327
137086327
137086327
137086327
155523471
155523471
155523471
155523471
155523471
155523471
155523471
155523471
155523471
155523471
155523471
155523471
155523471
155523471
155523471
155523471
155523471
155523471
155523471
155523471
155523471
155523471
155523471
155523471
155512210
155512210
155512210
155512210
155512210
155512210
155512210
155512210
155512210
155512210
155512210
155512210
155512210
155512210
155512210
155512210
155512210
155512210
155512210
155512210
155512210
155512210
155512210
189219
189219
189219
189219
189219
189219
189219
155531550
155531550
155531550
155531550
155531550
155531550
155531550
155531550
155531550
155531550
155517139
155517139
155517139
155517139
155517139
155517139
155517139
155517139
155517139
155517139
155532720
155532720
155532720
155532720
155532720
155532720
155532720
155532720
155532720
155532720
155532720
155532720
155532720
155532720
59400485
59400485
59400485
155544750
155544750
155544750
155544750
155544750
155544750
155544750
155544750
155544750
155544750
155544750
155544750
155544750
155544750
155544750
155544750
155544750
155544750
155544750
155544750
155544750
155544750
155544750
155544750
155544750
155544750
155544750
155544750
155544750
155544750
155544750
155544750
155544750
155544750
155544750
155544750
4346965
9808666
9808666
9808666
71768060
71768060
25227847
25227847
71768060
71768060
155809793
155809793
155809793
155809793
155809793
155809793
155809793
155809793
155809793
155809794
155809794
155809794
155809794
155809794
155809794
155809794
155809794
155809794
137654838
137654838
137654838
137654838
137632853
137632853
137632853
137632853
137632853
137632853
137632853
137632853
137632853
137644168
137644168
137644168
137644168
137644168
137644168
137644168
137634479
137634479
137634479
137634479
136576299
136576299
136576299
136576299
10084676
10084676
10084676
10084676
137653385
137653385
137653385
137653385
137653385
137644480
137644480
137644480
137644480
135566573
135566573
135566573
135566573
135566573
135566573
135566573
135566573
135566573
135566573
135566573
135566573
135566573
135566573
135566573
135566573
135566573
135566573
135566573
135566573
135566573
135566573
135566573
135566573
135566573
135566573
135566573
135566573
135566573
135566573
135566573
137646330
137646330
137646330
137646330
137646330
137646330
137646330
137646330
137646330
137646330
137646330
137646330
137646330
137646330
137659173
137659173
137659173
137659173
137659173
137659173
137659173
137659173
137659173
137659173
137655340
137655340
137655340
137655340
137655340
137655340
137655340
137655340
137655340
137655340
137636749
137636749
137636749
137636749
137636749
137636749
137636749
137636749
137636749
137636749
137642532
137642532
137642532
137642532
137642532
137642532
137642532
137642532
137642532
137642532
137639056
137639056
137639056
137639056
137639056
137639056
137639056
137639056
137639056
137639056
137658203
137658203
137658203
137658203
137658203
137658203
137658203
137658203
137658203
137658203
137642259
137642259
137642259
137642259
137642259
137642259
137642259
137642259
137642259
137642259
137642259
137642259
137642259
137658991
137658991
137658991
137658991
137658991
137658991
137658991
137658991
137658991
137658991
137650595
137650595
137650595
137650595
137650595
137650595
137650595
137650595
137650595
137650595
137642164
137642164
137642164
137642164
137642164
137642164
137642164
137642164
137642164
137642164
137632564
137632564
137632564
137632564
137632564
137632564
137632564
137632564
137632564
137632564
137632564
137632564
137632564
137632564
137647438
137647438
137647438
137647438
137647438
137647438
137647438
137647438
137647438
137647438
137636563
137636563
137636563
137636563
137636563
137636563
137636563
137636563
137636563
137636563
137636563
137654753
137654753
137654753
137654753
137654753
137654753
137654753
137654753
137654753
137654753
137640566
137640566
137640566
137640566
137640566
137640566
137640566
137640566
137640566
137640566
137655404
137655404
137655404
137655404
137655404
137655404
137633370
137633370
137633370
137633370
137633370
137633370
137644065
137644065
137644065
137644065
137644065
137644065
137658529
137658529
137658529
137658529
137658529
137658529
137658529
137634418
137634418
137634418
137634418
137634418
137634418
137634418
137647802
137647802
137647802
137647802
137647802
137647802
137647802
137647802
137661240
137661240
137661240
137661240
137661240
137661240
137661240
137661240
137652462
137652462
137652462
137652462
137652462
137652462
137652462
137652462
137646484
137646484
137646484
137646484
137646484
137646484
137646484
137660744
137660744
137660744
137660744
137660744
137660744
137660744
137660744
137660744
137660744
137650696
137650696
137650696
137650696
137650696
137650696
137650696
137650696
137650696
137650696
137647438
137647438
137647438
137647438
137647438
137647438
137647438
137647438
137647438
137647438
137647438
137647438
137647438
137647438
137647438
137647438
137647438
137647438
137647438
132942295
132942295
132942295
132942295
132942295
132942295
16083824
16083824
16083824
16083824
16083824
102259273
102259273
102259273
102259273
102259273
145946489
145946489
145946489
145946489
145946489
145946489
145946489
145946489
145946489
145946489
145946489
145946489
145946489
145946489
145946489
145946489
145946489
145946489
145946489
145946489
145946489
145946489
145946489
145946489
145946489
145946489
145946489
440929
440929
440929
440929
356662
356662
356662
356662
356660
356660
356660
356660
145975950
145975950
145975950
145975950
145975950
145975950
145975950
145975950
145975950
145975950
145975950
145975950
145975950
145975950
145975950
145975950
145975950
145975950
145975950
145975950
145975950
145975950
145975950
145975950
145975950
118710799
118710799
118710799
118710799
118710799
118710799
118710799
118710799
118710799
118710799
118710799
118710799
118710799
118710799
118710799
118710799
118710799
118710799
118710799
118710799
118710799
118710799
145947949
145947949
145947949
145947949
145947949
145947949
145947949
145947949
145947949
145947949
145947949
145947949
145947949
145947949
145947949
145947949
145947949
145947949
145947949
145947949
145947949
145947949
118710798
118710798
118710798
118710798
118710798
118710798
118710798
118710798
118710798
118710798
118710798
118710798
118710798
118710798
118710798
118710798
118710798
118710798
118710798
118710798
118710798
118710798
118710798
118710798
145977827
145977827
145977827
145977827
145977827
145977827
145977827
145977827
145977827
145977827
145977827
145977827
145977827
145977827
145977827
145977827
145977827
145977827
145977827
145977827
145977827
145977827
145977827
145977827
145977827
145977827
145977827
145977827
145977827
145977827
101894919
101894919
101894919
2734992
2734992
2734992
2734992
2734992
2734992
2734992
2734992
2734992
2734992
2734992
2734992
2734992
2734992
2734992
2734992
2734992
2734992
2734992
2734992
2734992
2734992
2734992
2734992
2734992
2734992
2734992
2734992
2734992
2734992
2734992
2734992
2734992
2734992
2734992
2734992
107680
107680
107680
107680
107680
107680
107680
107680
107680
107680
107680
107680
107680
107680
107680
107680
107680
107680
107680
107680
107680
107680
107680
134846849
134846849
134846849
134846849
134846849
134846849
134846850
134846850
134846850
134846850
134846850
134846850
134846850
134846850
134846850
134846850
134846850
134846850
134846850
134846850
133053635
133053635
133053635
133053635
133053635
134820761
134820761
134820761
134820761
134820761
134820761
134820761
145980325
145980325
145980325
145980325
145980589
145980589
132601593
132601593
132601593
101440415
101440415
44259853
44259853
44259853
44259853
44256849
44256849
44256849
44256849
131753200
131753200
131753200
131753200
131753198
131753198
131753198
131753198
145968921
145968921
145968921
145968921
145968921
145968921
145968921
131752146
131752146
131752146
131752146
13915662
13915662
13915662
13915662
46871649
46871649
25133249
25133249
11536420
11536420
11536420
11536420
11536420
11536420
11536420
11536420
11536420
17572176
155518382
155518382
155518382
155518382
155518382
155518382
155518382
155518382
155518382
155518382
155518382
155518382
155518382
155518382
155518382
155518382